7184
7422
7478
7479
7481
7490
7521
7568
7587
7591
7617
7618
7656
7681
7685
7926
7991
8026
8136
8318
8330
8335
8342
8363
8365
8381
8396
8404
8414
8420
8450
8469
8471
8487
8491
8500
8502
8528
8530
8532
8550
8587
8589
8598
8621
8632
8637
8640
8655
8657
8670
8674
8705
8709
8713
8714
8717
8734
8747
8751
8769
8773
8776
8794
8799
8803
8805
8816
8828
8839
8845
8847
8854
8863
8865
8870
8885
8893
8917
8970
8979
9060
9065
9077
9103
9104
9170
9197
9205
9211
9212
9273
9301
9352
9380
9407
9431
9435
9441
9446
9451
9457
9458
9463
9472
9473
9482
9497
9559
9565
9588
10934
11058
11064
11065
11068
11102
11149
11198
11245
11314
11322
11323
11364
11414
11465
11607
11714
12249
13390
13391
13701
13709
13710
13724
14161
14162
14169
14170
14171
14172
14175
14176
14184
14185
14186
14187
14194
14195
14202
14203
14234
14235
14236
14237
14242
14243
14245
14247
14304
14305
14512
14724
14725
14755
14775
14797
14799
14803
14809
14859
14880
14884
14888
14921
15308
15771
16154
16280
16286
16330
16350
16388
16395
16398
16461
16469
16571
16583
16680
16681
16693
16706
